        0.0196661019454279
       -0.0225845344005893
       -0.0709270528870141
       -0.0590130437121227
       -0.0433779232057823
        0.0905710896236875
        0.0138517530124869
        0.0301454689137549
       -0.0241992174891765
        0.0706554771217029
        0.0306802706090935
         0.106100142385126
        -0.113632135332214
        -0.212311271904564
         0.122488066944536
         0.174034120794937
         0.165224194595535
       -0.0331504531955658
        -0.217972966274257
          0.17222927478792
        0.0804905459766047
         0.196677227380237
        -0.108633356579073
       -0.0353661120331486
       -0.0122576552004354
         -0.31571035711632
        0.0172672547443808
         0.027703159560959
        -0.168098394972129
          0.14304508459088
         0.100322744551676
         0.171509443540626
        -0.266979652337052
        -0.299104402841296
      -0.00448152524847213
         0.403197756120826
        -0.319683554229828
        -0.102599178483374
         0.176488976592531
       -0.0908519099835745
         0.136219540658662
          0.63308232167243
        -0.395354051247976
        -0.703075902001484
         0.604105620398985
         0.474765421318655
        -0.388480822653473
        -0.597274578486978
         0.231741059592362
        0.0842416977639691
         0.171583528885404
      -0.00738272171334776
        -0.248222745016876
         0.310051094544994
        -0.619961796006127
       -0.0190796827557556
        -0.103966762977208
        -0.122894538882589
        0.0461215428126739
        0.0800142764671458
        0.0714912672547919
        -0.138309664059552
       -0.0915803367570702
         0.432375173571857
        -0.397174497738719
        -0.253337734731486
       -0.0763359940805787
         0.301614591343552
        0.0370725230235032
        -0.180262952405268
        0.0734832602518195
         0.237209557917107
       -0.0586690748355932
        -0.283915939059219
        0.0163807362585054
        -0.493869477259887
        -0.359390429899092
         0.443766166393486
         0.112021719231544
         0.241920464688561
       -0.0282993759267192
        -0.214196079970509
         0.220634314406341
         0.396612170135838
        -0.464166688600397
        -0.183843767757486
         0.162074377281264
         0.264050540025323
         0.014966834581852
        -0.128709165248707
       -0.0545442735333541
       -0.0449755389426616
         0.319168371414809
        0.0646438271493159
        -0.161028320155549
        -0.196032630531238
        -0.187152050474025
       -0.0983245075663389
         0.067235941813143
         0.158287473108575