      0.000730773729238276
       -0.0012165152549433
       0.00273002860318324
     -0.000687433333719175
      -0.00550084262035073
       0.00546623701896717
       -0.0010242575728322
      0.000858400746301653
      -0.00423915586616314
       0.00467246738696254
     -0.000813809433315253
      -0.00643234517493905
         0.003554777994608
      -0.00216579767311176
      -0.00997016215562599
       0.00687656868318347
      -0.00235555478728599
     3.94212556076613e-005
      -0.00439422970592468
       0.00330385016556058
      -0.00201571683099635
      -0.00145579308471871
        -0.003031882040186
      -0.00777841865618557
       -0.0027330494912433
      -0.00966165619338658
      -0.00818340841895842
      -0.00439284008830755
       0.00634590150876963
      -0.00534584799429086
      0.000141608440548541
     -0.000181691876931119
       0.00363434281327835
     -0.000221977396954199
      -0.00255032440744067
      0.000663582434497212
      -0.00677646788364654
      -0.00411448443719111
      0.000642197724221222
       0.00931607794791015
      -0.00400250226996607
      -0.00728317835628715
      -0.00141365951413111
      0.000986266092492541
        0.0140466589684383
      -0.00759171120541282
       0.00286716425122066
      -0.00286596993068126
       -0.0113984955201015
     8.31625990244597e-005
      0.000581944226991966
       -0.0114712137400937
       -0.0141392133378631
        0.0212206332350358
       0.00353334463613243
      0.000889114238182977
        0.0171729644569772
      -0.00256231787090418
       -0.0100855681100946
      -0.00680233365994801
     -0.000926780287965557
      -0.00812570777861028
      -0.00616072499852924
       0.00266429174689278
      0.000121614739283876
       0.00973827804166912
        0.0073917582969296
       0.00332160277639344
      -0.00163231912022417
          -0.0106575036716
      0.000546372657309167
       -0.0015959069424179
      -0.00181071836956567
       -0.0053324130542106
      -0.00261557757775733
       0.00395928439481887
       0.00570175391212292
       0.00716124577213791
        -0.013501866378374
     -0.000892190681080277
       -0.0014436476825629
       -0.0172025324768586
       -0.0161430912357933
        0.0259332829141727
         0.012676484982634
       0.00154980415719209
          0.03062049939117
       0.00589185636915207
       -0.0102434209275878
      -0.00344370067253948
     -0.000709312072744677
      -0.00488032490856102
      -0.00101336948978037
         -0.01877916829802
      -0.00921542819633436
       0.00919646400555008
      -0.00808743281954721
       0.00440561941280657
        -0.012809371799276
      -0.00266833993813065