    -6.44131309975546e-005
     -0.000504200474355094
      0.000201044567434044
      0.000143769481283556
      0.000172440211130981
      0.000427200389881181
      0.000110774351841949
      0.000274025757217209
     -0.000807323086309731
      0.000617667740123465
     -0.000275151705181629
     -0.000611249669488805
      0.000306588012874903
     -0.000398788495247449
     6.12222542196114e-005
     8.55868852773492e-005
     -0.000502890364513479
      0.000119646793652078
     -0.000527233069600035
     -0.000454671695751613
     -0.000115161490446043
      0.000377033626049394
      0.000325258203224542
       -0.0015153086727624
     -0.000515422001503602
     -0.000722755717728826
      -0.00119097151736387
      0.000151677896686039
      0.000752612925877322
      2.9726277249339e-005
     -0.000125115307084433
     -0.000566121521528498
      0.000327812380760657
       0.00044483688302379
      0.000371052206045398
      0.000398368243286334
     -0.000407574130892782
     -0.000199268443098269
     -0.000326408265719907
      0.000777902863795061
     -0.000510916810296497
     -0.000772275028523196
       0.00131338831766219
     -0.000697807265899347
      0.000540595810588973
      0.000978597657891548
     -0.000842282496391367
     -0.000718856839212502
      -0.00104487324405571
      0.000115586552211157
     -0.000152943353691528
     -0.000518750068033777
      0.000326540940660171
      -0.00019098750782051
      0.000467675313550609
       0.00148586306037646
      0.000408209204293026
      0.000268627656534992
      -0.00123622674454243
     -0.000571443501130932
     -0.000351059231182651
      -0.00141642248253603
     -0.000229012183418966
       0.00101110806729857
       0.00108629877134366
        0.0013351118601839
       0.00122181261424671
      0.000199161275024767
     -0.000642711842683776
     -0.000703935247342932
     8.41367993885443e-005
     -0.000244639297293858
      0.000788727879598839
     -0.000787372932326114
     -0.000608972580760918
       0.00211122839506146
     -0.000899485576944437
      0.000684354379301276
     -0.000486661405484589
      0.000686064782060362
      8.4028022891936e-005
     -0.000519021265373268
     -0.000269493546621302
       0.00112952814579571
      0.000481838349690156
       0.00106638759346369
       0.00115457779756009
     -0.000100312840256441
      -0.00080136999166979
      0.000823080539658553
     8.41479736397294e-005
     -0.000388747748689581
     -0.000319014003252949
     -0.000186810796638475
     -0.000338002420311865
      0.000291321225313414
     -0.000562167056942815
      0.000183445824303486
     -0.000164870660789321
      0.000916456530940142