     -0.000988375959387141
      -0.00170359774943021
       0.00278564016724723
      -0.00577431012507161
       0.00229642553199407
       0.00215461640429632
       0.00187711144700213
       0.00449721646485435
       -0.0102102537357752
       0.00685879596096871
      0.000867500344635917
     -0.000392889443622498
     -0.000792612109686089
      -0.00266461224333609
       -0.0082366446492655
       0.00265517693089535
      -0.00446281621755102
       -0.0012503042200678
      -0.00325500894705155
       -0.0081764927400119
      0.000104596482817215
       0.00189093494023728
       0.00159802525085424
      -0.00568970178576493
     -0.000789616885076371
     -0.000456256211442771
      -0.00491440340493554
       0.00186686932159075
      -0.00246368500961621
      -0.00218319468225495
      0.000807188483012937
       0.00123593294548702
      0.000798163576153237
      0.000188380394239119
      -0.00323636848408341
     -0.000552765093510195
      -0.00265084117238322
      -0.00158567346796862
      -0.00411186962423394
       -0.0024404490263816
      -0.00177058150804046
      -0.00187748125681237
     4.66943419894614e-005
      0.000120630288931169
        0.0046025100769418
      -0.00297125428459965
       0.00366458742171698
      -0.00228788421445518
      -0.00262454346689744
       -0.0018005631855511
      -0.00072137214175537
      -0.00178538042395148
     -0.000738643833054317
        0.0045582673907771
        0.0049890018225662
      0.000641027675143707
       0.00159091164818017
     -0.000821792367812519
       0.00310308472081724
      -0.00158565953535381
      -0.00121773234808609
      -0.00210501895420404
      -0.00154438565563875
       0.00730242286248487
       0.00955185628171831
      -0.00180031097686236
       0.00871581189153955
       0.00100782169465555
      -0.00151767331517801
      -0.00169961275040282
      0.000811992353147639
       0.00546321239442517
     -0.000519789802738584
      -0.00499950963965414
       0.00386864875794002
      -0.00234727370852931
       0.00314239387177033
       0.00569547815487648
      -0.00626783397897394
      -0.00462222227072511
      0.000993089812668527
       0.00198384243856277
      -0.00452110913718625
     -0.000161791585417474
       0.00389160316622214
      -0.00278655611433886
       0.00364579731006605
     -0.000398110558489501
      -0.00997241681043499
      -0.00185646062408521
      0.000730235226429621
       0.00362316769169059
       0.00102328143371078
      -0.00315805172985815
       0.00223959274625021
       -0.0014207066612151
      -0.00352621160016706
        0.0028948675588457
      -0.00278214290946274
      -0.00129872862457962