      -0.00263314085835335
       -0.0021303425389904
        0.0120807979302315
       -0.0221437170253663
       -0.0123736883356261
       0.00119406341463791
       -0.0174478930016218
      -0.00780516483788181
       -0.0137623534882973
       0.00956598410128805
       0.00120282617270662
      0.000574276238613245
       -0.0011934932321217
       0.00674137894000724
       0.00379959792312519
       0.00742894687778655
        0.0113692446878446
       0.00621329764490228
         0.007896780043124
        0.0102777424552955
       0.00113993945920357
       0.00684072466730597
       0.00261284004213925
       -0.0135673257714154
      -0.00589384320205703
       0.00477485220660124
    -2.26008138744433e-007
       0.00568665799893591
       0.00507619700592392
       0.00289623657654271
       0.00121092672750489
       0.00285642635458099
      0.000188640150948208
      -0.00222321728713984
       0.00934341780061321
        0.0107725483103597
        0.0137944540570455
        0.0182871877883951
      -0.00724711077332491
        0.0040143025083073
        0.0018025818315775
        0.0024563912485887
       0.00862154587813141
       -0.0206700382584988
       -0.0220435866733393
           0.0159746145613
       -0.0125964074731468
        0.0102409653312833
        0.0137356906927027
        0.0164044317855102
      -0.00191606013515788
       0.00329019481366279
        0.0133403130325058
      -0.00184338251210644
       0.00797761977456179
      0.000223928062404756
       0.00169257906328491
        0.0110167800285612
        0.0108310834165881
        0.0154104304482317
       0.00137289748945688
       0.00392338041593589
       0.00732475119355048
      -0.00737413344122526
       -0.0086602154513006
       0.00592101595899087
       -0.0148412398717654
      -0.00854339240655897
       0.00197595107265978
       0.00977190805743122
       0.00213211641199132
          0.00144422435443
      -0.00626519830554604
         0.005043096885593
     -0.000137495954354946
       0.00490787496766216
    -2.75573190867891e-005
      -0.00591409502196498
      -0.00170032476289927
      -0.00879693431336372
      0.000980578903157783
        0.0158965466666743
         0.012314424571069
       -0.0113632302870011
       0.00869628624863915
      -0.00060496656492372
      -0.00333157494160806
       0.00329204139759507
      -0.00359194176538306
       0.00266564823181898
     2.14198275260991e-005
      -0.00387228603595056
       0.00779080135974568
       0.00531371872415918
      -0.00172570195221698
        0.0100297275724912
      -0.00589901241058194
      0.000469519227314498
       0.00300530549802673
        0.0128815542634505